x<-135
y<-5
x+y
